$ANSIBLE_VAULT;1.1;AES256
38383563613064346339336139396262653766333665323133646531363134653931623038333035
3432326138323163653733313834626437303862653535370a386564333736333936663861613265
31376631343438333864386632313835393236643461316466346561633334633231616231353862
6661303461623331390a363136373339323136363338383634366432373439393238313930616330
63663861323963646266626161396662373933623162336234306466666235323334336231336230
61396561393431303563306163363630636238643231366632353330666662653863613333636564
66373838643466636533306437383737643162663936356637613336326363376231326533363962
32346231613231323735643463633566623962353265313661633661306664613235633433386362
38343462333836346331643231653436353865666361663831313934666161303334666164626538
64653834623336353732366461626132393563613033313738386536623839636564623837363862
63636164313931383038323939306362343834633535303438313061366530306430666639373866
33353762373961616336376364373763643934326263386466633131323832653866393761383135
34353063363164616238323132363433356133663633323131313233396663316637336433656563
38336535663663366436363365623566303563613430393465306537376537636438666365333435
34333362363637316561663766383133663834373130366561613938363761396365363563613230
31376631306164613834323437373630623332343137303361346333646661393230653065333762
34653464353066366563636563646663636462623838646130393164343861653665623566613235
33386635653963313762323866386536336134633736666535626561373065383330376132323734
61646561313733376465323866356334643634323237303866313034323833646638306463386237
61633938636564343464313736353736393737623866353431623634366265343030373163333762
64653933396462633337316534613863653364316336616437616239633231346537633566323062
32366364336338656163313437373861393130303933643238316535393037613530643839353066
63393962356337613236386431653638613961326663616236663739393332353632643635376131
66666663323030623637613031353665666664333765306331343035656466636165386566303936
3939
